vetor <- c(1, 2, 5)